mean_temp=16.12535388127854
std_temp=7.6470430027582275
mean_temp_ay1=8.62768817204301
std_temp_ay1=2.867582214562611
mean_temp_ay2=4.7023809523809526
std_temp_ay2=3.3398234312797825
mean_temp_ay3=11.4877688172043
std_temp_ay3=5.19701471097646
mean_temp_ay4=11.241388888888888
std_temp_ay4=3.5963833268346463
mean_temp_ay5=17.504704301075268
std_temp_ay5=4.2325905851899766
mean_temp_ay6=23.56611111111111
std_temp_ay6=3.734750749207778
mean_temp_ay7=26.896236559139783
std_temp_ay7=3.772552545483341
mean_temp_ay8=25.437365591397853
std_temp_ay8=2.528092827933257
mean_temp_ay9=21.66861111111111
std_temp_ay9=3.0611229522749577
mean_temp_ay10=16.4372311827957
std_temp_ay10=2.3392199112205208
mean_temp_ay11=15.528194444444443
std_temp_ay11=2.379665143043238
mean_temp_ay12=9.543145161290322
std_temp_ay12=2.8945777127283474
